Average:
0.999301284462003
0.994813610954168
0.959165281446899
0.929531272635882
0.903991394497757
0.877797194576531
0.851509650401153
0.825533228738162
0.803886150857697
0.784761520398111
0.766998380706455
0.748194339114048
0.72914356692078
0.710828612405656
0.694195529626342
0.677107099844862
0.65992051856684
0.646144549319804
0.635027776746084
0.622542036675386
0.610679451320096
0.596219290388338
0.581935814683359
0.568241231679477
0.556136799388872
0.545899947246221
0.535772834382386
0.527771373879933
0.522666613926657
0.516350675972366
0.510846643689582
0.50833305222731
0.503968829098504
0.499737706559872
0.493639718480898
0.486336128130784
0.477721191384115
0.470813288005473
0.467905550337436
0.466574910590387
0.465349676273681
0.460992177587649
0.459460918065134
0.458602533384219
0.455647190737999
0.452487307795465
0.448233322977225
0.446407925453793
0.443954165292586
0.442216013416714
0.43971919008829
0.437024937046743
0.434246992241677
0.432064857593592
0.431141328260367
0.428986137156646
0.425558554922601
0.422099661962853
0.423308867604648
0.424379793144955
0.424008540971379
0.41914967817078
0.416065971276119
0.412937459973072
0.412566517880929
0.413830280412542
0.415443623428698
0.417264531018116
0.416445657063605
0.415699534306008
0.413904376831641
0.414043293116395
0.414558247368179
0.416387748235498
0.419448486768463
0.421285494631194
0.423290398377193
0.425038666680401
0.427611107178367
0.430174124210996
0.433177253597822
0.434890539842905
0.434196334670278
0.435001838524286
0.432032843879309
0.430362930792651
0.428899646378227
0.427707944906677
0.426446863738528
0.426243957869894
0.424750183686197
0.423502658994034
0.419176084461213
0.418749670023559
0.419587136797413
0.419547934296215
0.41874236797089
0.419408418592538
0.422587432811212
0.426105729696767
Variance:
0.000120046546857213
0.00176371028790895
0.00411147380907019
0.00665101808542616
0.00833887274669505
0.00948621971978944
0.0101295329707985
0.0114906216406389
0.0125592723869702
0.0135569870413112
0.0147583963193662
0.0153582400612678
0.0161968951769255
0.0180114922358601
0.0195471704434774
0.0209068881597164
0.0222525514541448
0.0231345653768882
0.0234406078028612
0.0226988304538252
0.0219766876831243
0.0226134754663326
0.0225898908398459
0.0221894599661451
0.0229511291828988
0.0233664816234779
0.0231300608056187
0.0221252292512588
0.021822419069648
0.0217362326103662
0.0213368478205395
0.0209738539141435
0.0204021268536006
0.0207371395261467
0.0212352797450157
0.0212018929307735
0.0210258440074411
0.0205316227326494
0.0199729908141668
0.0191089144208108
0.0191658717937631
0.0191742292848768
0.0182666872694142
0.0180606707716471
0.0176627719102498
0.0167705057817499
0.0169869995251114
0.0166200183009243
0.0162652468393148
0.0169471527081846
0.0183075397911672
0.0191796552803053
0.0190833112886996
0.0187370364579858
0.0181678369695242
0.0172631761050079
0.0172111789242207
0.0170738390802094
0.0169243507067377
0.016976602788296
0.0167010520587637
0.0171005844058803
0.0178189340964193
0.0170459145937713
0.0166295329271962
0.0166872984633079
0.0159403544280014
0.0154682371114491
0.0156218137735186
0.0163086632472992
0.0170986176638982
0.0173856187238481
0.0170054718467973
0.0168719821681965
0.0172458831110858
0.0179159960558236
0.0177023812895825
0.017315025437666
0.0170626642927228
0.0173057101972137
0.0173511075085186
0.0175795389383476
0.0177637361065573
0.0181502523564492
0.01833126046045
0.0179946728074084
0.0178101292754507
0.017488711882502
0.0170390458790826
0.0170246161631719
0.0168258957494323
0.0164994355764523
0.0163503896986565
0.0163755695863013
0.0165621037941201
0.0174333933296465
0.0184172651701749
0.0189092647241564
0.0185630832716526
0.0175258774344199
