Average:
1.00056793188975
1.00770653399126
0.976827936735001
0.952840467403042
0.940341992422918
0.933807343333063
0.929196407620499
0.923778754710474
0.919918256063533
0.913908967316955
0.907163816301778
0.899826841149359
0.89702338911302
0.891785257930077
0.887429132364743
0.887903172930629
0.882360308305998
0.876053438964125
0.867953968629134
0.860792544321154
0.856004281884158
0.852226825629565
0.846724129443387
0.844630946560499
0.842163863922301
0.837090658287853
0.828154146351181
0.823687802140888
0.820999729660687
0.81993110950039
0.819627801767278
0.813775777016205
0.811009920195571
0.807272164513668
0.802677897241503
0.798858168541564
0.794315853914689
0.790708206676596
0.786124801790591
0.779346989738052
0.771551845423856
0.766543990574068
0.764148411874629
0.762237799498895
0.760505081279834
0.756627531261713
0.752960772657992
0.750456809043474
0.745841943676756
0.739493524805539
0.736875642989009
0.736765805428699
0.735928401045143
0.733115361781193
0.727817829327324
0.723635079671151
0.720770907038557
0.717858097429303
0.714344062994865
0.711389595570987
0.709850417480256
0.709489575868574
0.703622829344667
0.699685073276484
0.696734955397129
0.69374997669079
0.690173144754534
0.687455931580102
0.687224943725959
0.685243248492144
0.681544031501655
0.676064756325738
0.671996229110076
0.671981332804684
0.67125342976531
0.669508157936372
0.667646553453347
0.666672267906098
0.664169195967067
0.658739809098441
0.653571570488062
0.649850726902616
0.649149492246782
0.647937844724446
0.646313689480182
0.643014305351129
0.640059320935236
0.637381670837965
0.635995363573715
0.632180850534019
0.632477944852915
0.628692569037754
0.626992881196598
0.625938540504788
0.624377539487971
0.623384296736979
0.619941063088672
0.615694668412839
0.615126878067776
0.611833646294261
Variance:
0.000110709971283306
0.00194209986392064
0.00304469952676692
0.00310629328108876
0.00324917060507349
0.00335091479839341
0.00298786056251129
0.00307750354251563
0.00326634160545172
0.00346262271336726
0.00350604360399955
0.00403982113896034
0.00437885667636068
0.00425285058875755
0.00437956077062499
0.00475090647293117
0.00479041673674331
0.00519171809698063
0.00576729119161937
0.0061758573903984
0.00641777446764068
0.00689811903975617
0.00719321166246608
0.00697325070297829
0.00715421609225062
0.00764836507914563
0.00784636347486151
0.00795195490342281
0.00830950105940174
0.00882694292079396
0.00892048991381662
0.00905384065181254
0.00933403903337165
0.00928842143232082
0.00880678399753527
0.00905073264150484
0.00919347637297802
0.00933438518984276
0.0101535578552404
0.0109323736806213
0.0115998277887584
0.0121293039382307
0.012158387483869
0.0130505240482222
0.0139581581111848
0.0132592209704857
0.0126572370486369
0.0132144221580924
0.0139178217314907
0.0141496949051651
0.0145312374446345
0.0144929901950121
0.0152389447565097
0.0154502034027105
0.0156533510058296
0.015319575549695
0.0155507055200161
0.0157383258384775
0.0160983397125941
0.0161882730871481
0.0163157391632813
0.0164027938166725
0.0171456281187482
0.0173637738766895
0.0170021938154584
0.0168184646755396
0.0177838686711098
0.0175954059756057
0.0179833634910196
0.0179968694202982
0.0180995769420116
0.0176148752149316
0.0174895535690371
0.0174039019820138
0.0170767320299795
0.0174838028051039
0.018250207363773
0.0182094774306269
0.0186510310258838
0.0190587019589588
0.0188545968800074
0.0186840946698289
0.0186019305304515
0.0191932350010319
0.0196988082513122
0.0194447535616614
0.0187630619865298
0.0186454428252445
0.0183010868464506
0.0188113557241395
0.0187887447603645
0.0184625855508869
0.0176412853713319
0.0185734265789076
0.0189057189519684
0.0184631357797646
0.0183458935694355
0.0182361925025175
0.0185662733416274
0.0185753969032669
