Average:
0.999402406469905
0.996750016540786
0.967110011822133
0.939460609286453
0.919241763659577
0.904148803927097
0.893275461138672
0.88454210704046
0.87547338329107
0.865456100219893
0.855388241769565
0.844640623889965
0.833904528198714
0.823850914032461
0.814591487721922
0.807165902340917
0.802673856847428
0.793898805650313
0.787039965794341
0.781253903480943
0.772733342344675
0.765307960678024
0.758787541250883
0.752383557797986
0.747001330410907
0.739776071881969
0.733586164071926
0.726256072783929
0.716575348978236
0.708664432948428
0.701500942066121
0.695527820828742
0.690236319085216
0.682124224641942
0.675547902884095
0.669683355521617
0.666506516610129
0.665608308927193
0.661341641638523
0.656971644021704
0.651048104959852
0.643738817923821
0.636222023014105
0.630739679129042
0.624230539401511
0.617579243249152
0.613587726138029
0.611548021860284
0.606375045131039
0.602475761713916
0.598791520551128
0.594674375659956
0.591117568668442
0.587728744257433
0.583509763091931
0.577929556343824
0.572863034553557
0.566728647802279
0.563607769713563
0.560545191815926
0.555594925327714
0.549093874825453
0.544771937780746
0.540546557456106
0.536090814254662
0.532196664859762
0.533631581165386
0.535296637107262
0.535073449619385
0.530176973746166
0.527153547237927
0.524722615958782
0.523465875919783
0.519657793056895
0.519687222883938
0.518045295299858
0.518058409491364
0.518552502804017
0.514779327419566
0.509448286116533
0.503283439879022
0.500071076493764
0.500945534504961
0.499771446217292
0.494159298050311
0.493595496602732
0.491165937649843
0.48724656435309
0.484481259019259
0.484596353943621
0.482256116539377
0.481157833689491
0.47826021435802
0.474969506746633
0.473526822523255
0.470708107832
0.470555175624768
0.467547437412192
0.464155884623794
0.461851172369275
Variance:
9.16785272520539E-05
0.0018142297411476
0.00392444672149426
0.00475075350461449
0.00473960473141313
0.00492097682244032
0.00482670729964064
0.00483133358240464
0.00523485363494045
0.00580844981777799
0.00614687960298218
0.00714817216231613
0.00776972704270339
0.00799618228121848
0.00856083504948606
0.00890430168647816
0.00873804059976722
0.00928624440629554
0.010067156549147
0.0105802617800461
0.0108639435445888
0.0111001559487278
0.0118569594293677
0.0122359733962873
0.0126302351568431
0.0136250036499086
0.014220624912088
0.0140700944967952
0.0137577935541707
0.013538946170142
0.0134668432726938
0.0133813955565166
0.0142177436483063
0.0147845068630757
0.0149589513072425
0.0156961513847991
0.0163270247250478
0.0172229608436869
0.0169312498293806
0.0166648357103666
0.0162093355455597
0.0163410835603531
0.0164169556626684
0.0169353622288359
0.017623107429902
0.0178665417108618
0.0186358158018134
0.0193317670789424
0.0198705310940844
0.0195311379546885
0.0191894500809738
0.0195604753667199
0.0194845642752097
0.0192324039399118
0.0194948912219039
0.0199099519661755
0.0201445968550816
0.0204324577007717
0.020429431574663
0.0200814654972821
0.0206183023557254
0.0204748850278586
0.0202840688574308
0.0192761217643455
0.0199428595891471
0.0196265827051405
0.0197309790959852
0.0207494813744993
0.0206344993623758
0.0203812309383194
0.0207752570499282
0.0207092379279027
0.0204501483475645
0.0208514999556791
0.0208583658059806
0.0202533686718044
0.0195223863977622
0.0189306791733728
0.0190688459764014
0.0197336432120569
0.0202607814577292
0.020673158053053
0.0199484929138746
0.0198098065964554
0.0194844360541621
0.019877294449243
0.0205546790769489
0.0198236629106716
0.0194547238678628
0.0192114046236262
0.0195759414784155
0.0196167489254238
0.0197337179296182
0.0185237113383124
0.0186998203970222
0.0187970060343864
0.0187025518505208
0.0187355525990223
0.0188200161930162
0.0184608734264275
