Average:
1.00070626179513
0.998379554514692
0.968468290351911
0.94302579860592
0.918194398300903
0.893581324463943
0.87196512083262
0.853741340509
0.83830383282778
0.825875237784302
0.814258901464194
0.80064094849566
0.788165301403853
0.774814844429647
0.761498353345326
0.747296346676339
0.735469175988428
0.721693627498438
0.705963091073932
0.692400179101586
0.682075448701886
0.671754559317058
0.665034309157227
0.657658188259419
0.650263178362117
0.639425318064015
0.63099327325292
0.624211917057522
0.617118038947681
0.611276234823898
0.602487049052017
0.594569919420317
0.586062072235052
0.578899170635435
0.573623305314242
0.568491209418489
0.561305634499556
0.556017190035889
0.547013038348567
0.53821001951548
0.532480031606493
0.530018290732231
0.527612651252782
0.521672558350649
0.51757122061692
0.512026162499582
0.506144410361349
0.501367674332103
0.497271598271584
0.494622777595607
0.492177266359204
0.489102674130164
0.484860911275106
0.480394519080724
0.476683640812968
0.474211616119989
0.471857590095203
0.470078981190432
0.468218594147615
0.46441141819587
0.456786137712425
0.455223172659141
0.455926508146826
0.455962640075097
0.454469913712879
0.451790011454376
0.447860610972379
0.44482319343151
0.442260538708485
0.43937181210046
0.437425317958692
0.435504246328311
0.432635944700144
0.431449722036969
0.432135232783363
0.433265203082994
0.433309144001243
0.432894545837816
0.431076892153016
0.42858670253222
0.422413650668043
0.416171673735434
0.413237960722361
0.412115711994027
0.416183924818217
0.420873014151776
0.421871133978959
0.420885700484892
0.421998671790888
0.422724680080723
0.422443398434195
0.422289012401681
0.423479228740161
0.423291531133201
0.423821024439411
0.425704740423679
0.423551507047428
0.423973116611314
0.427920126554796
0.430338135492907
Variance:
8.64170443175727E-05
0.00175974702177564
0.00390708207684362
0.00591104512482669
0.00678294912724858
0.0074114071798899
0.00778335031568185
0.0089015286195476
0.00961711440227057
0.0100405915224307
0.0104336049935535
0.010821096947496
0.0115999474358317
0.0124615320942755
0.0137795629360004
0.0149835743980943
0.015635829647352
0.0165401311022272
0.0168957180905273
0.0174118859735367
0.0179182157362723
0.0176156191854118
0.017892614573819
0.0184363226251947
0.019498915920855
0.0204938169910853
0.0203022720187771
0.019978524738463
0.0195095133218103
0.0198887504793389
0.0203608034971799
0.0201775353209021
0.0206891327520025
0.0207289172365849
0.0213932309880036
0.0212739607762562
0.0216142520115783
0.0216908519870883
0.0221778121904667
0.0233535540468754
0.0238827626111955
0.0232715492273073
0.0224220701436861
0.0221959318511324
0.0221036353680715
0.0218609378723631
0.0222044512925319
0.0215654918373782
0.0211063746194374
0.0195583921472919
0.019210514184901
0.0192638088993553
0.0194839685851379
0.0203462843580683
0.0204890561359241
0.0198874049405605
0.0196873638685787
0.0193109855143354
0.0197252526683821
0.0201323047958093
0.0201470472707878
0.0192965639106554
0.01920392844263
0.0192416231842754
0.0186097563984522
0.0179500382196604
0.0181110496252916
0.0183772790044621
0.0185598874362954
0.018521244708161
0.0178734306456791
0.0173184613527421
0.0173361687507724
0.017727265204652
0.0184507127373316
0.0195414130766302
0.0206735448261655
0.0206702412684172
0.0201359424864268
0.0200114046485948
0.0203791872902632
0.0211503357300385
0.0210794626394314
0.0203395805111489
0.0195757344788106
0.0186544837872383
0.0183287624925084
0.0186977178902252
0.018761378400007
0.0189689628645821
0.0193610030690366
0.0196430115249753
0.0187074662581462
0.0181905025941136
0.0183520707593979
0.0180779023598379
0.0178284492246974
0.017689084636072
0.0178262186448127
0.017865295555169
