Average:
0.999895667995832
0.991351716157662
0.9472032126421
0.909495897671165
0.877768096385452
0.847720239552482
0.816232387916603
0.78306296716871
0.748961152867551
0.714345569250648
0.682001285031662
0.655251571963863
0.632441126909837
0.610896169712405
0.591136861889665
0.575668250031313
0.563100078850088
0.551636619790138
0.53983116837057
0.529614385593003
0.521049245658491
0.514956551487272
0.50781644830467
0.502933676398757
0.499792118925167
0.497916548773214
0.496744259959631
0.494919345997306
0.493300993359591
0.491522793526452
0.488116308319831
0.483190443296261
0.477611431007911
0.474496966608357
0.472952192760172
0.472344015692376
0.470708083425742
0.467471295347143
0.464877404288636
0.462945122658147
0.46395695116429
0.466571286693228
0.468308735395496
0.468343564005881
0.467982148432258
0.467605950912556
0.467498202456929
0.468001279654421
0.46854311273263
0.469060026594412
0.469875451665809
0.467229906246967
0.464497743198747
0.461901089632317
0.461784030642977
0.460987182864675
0.462005526478601
0.463059961347167
0.46278081586891
0.463935813810092
0.465964744870775
0.466307434747679
0.465765956700442
0.465789577991739
0.464953180726173
0.463986930470442
0.464725641846308
0.462897846730472
0.463760200041179
0.466581602676655
0.466862832610297
0.469195396694343
0.470762817814029
0.47034766419897
0.470223402146987
0.470375352260617
0.470263304900422
0.468793847634503
0.468384572346553
0.467203608948954
0.467597933346321
0.469797520629242
0.470312936553514
0.470863158357072
0.47328638825023
0.473896086837723
0.473611138268965
0.473399155622764
0.472505306575433
0.470070050309458
0.466103915007371
0.461179180480897
0.45904825144709
0.458711201458365
0.457811960334375
0.456498155561878
0.45470714127158
0.453158025198223
0.45332363523395
0.453205555397781
Variance:
0.000125568687889558
0.00164057760912403
0.00361112125900189
0.00653799879877795
0.0098856034453834
0.013146700472727
0.0155005505242355
0.0177385472829027
0.019498423276202
0.0206401210845072
0.0218385264362831
0.0230950277295571
0.0246565153324247
0.0252703949916404
0.0251780916316983
0.024589878750001
0.0240021877428676
0.0237940304175803
0.0239259182704233
0.0240912512387134
0.0239110307784178
0.0236537264324757
0.0239068037283278
0.0242727740368763
0.0243822402321415
0.0246526395563122
0.0243632014582936
0.0234296821454114
0.0217789273913391
0.0210567423649519
0.0208153767133454
0.0203400866031196
0.0196535216995218
0.0200717816190007
0.0204978628344252
0.0200199713712455
0.019805074411439
0.0194290088837127
0.0188286272028044
0.0185491951799617
0.0185736272477089
0.0188907774203
0.0190525893861155
0.0195018561151447
0.019662942661911
0.0198246654449968
0.019846526904088
0.019517328371778
0.0193118559287961
0.0193099724834122
0.0191449258966232
0.0188585195000164
0.0190730119168272
0.0196725686956161
0.0198318269279643
0.0195862984402066
0.0190339109134652
0.0182186158189712
0.0176529148907499
0.0171740302707057
0.017337485250949
0.0176598100745336
0.0179624459427042
0.018844181998132
0.0195843861723642
0.0198934824992324
0.0200971506366611
0.020538500924393
0.0206989606265289
0.0201973928606688
0.0200348140114532
0.0201842726756476
0.0191805785850257
0.0184753527765378
0.0185774400779848
0.0191881085222236
0.019682458204431
0.0192001626141011
0.0182341168181087
0.0178922176629327
0.0183875195387689
0.0184839088936281
0.0188309839483161
0.019095533368959
0.0194305095995942
0.0194618354522472
0.0193429400821067
0.0190152749239082
0.0186268420706715
0.0185640708217983
0.0187113860751527
0.0186212861059058
0.0183190232695898
0.0186867125960665
0.0189297598394063
0.0186320991615779
0.0190493601522406
0.0193189754448298
0.0186504318460053
0.0184939369013326
